#-----------------------------------------------------------------------
#Line   	lambda  I/Hb for Z1=1/50 Z2=1/5 Z3-Z5=1/2-2 in solar units
#-----------------------------------------------------------------------

# H_Lya     1215.67  22.2       22.2       22.2
H_zeta    3889.0    0.1015     0.096      0.0535
H_eps     3970.0    0.135      0.1415     0.0795
H_delta	  4101.73   0.256      0.256      0.256
H_gamma	  4340.46   0.466      0.466      0.466
H_beta    4861.32   1.         1.         1.
H_alpha	  6562.80   2.87       2.87       2.87
Pa       18751.0    3.39E-01   3.39E-01   3.39E-01
Pb       12818.1    1.63E-01   1.63E-01   1.63E-01
Pg       10938.1    9.04E-02   9.04E-02   9.04E-02
Pd       10049.4    5.55E-02   5.55E-02   5.55E-02
Pe       9545.98    3.66E-02   3.66E-02   3.66E-02
P6       9229.02    2.54E-02   2.54E-02   2.54E-02
P7       9014.91    1.84E-02   1.84E-02   1.84E-02
P8       8862.79    1.38E-02   1.38E-02   1.38E-02
P9       8750.47    1.06E-02   1.06E-02   1.06E-02
P10      8665.02    8.32E-03   8.32E-03   8.32E-03
P11      8598.39    6.66E-03   6.66E-03   6.66E-03
P12      8545.39    5.41E-03   5.41E-03   5.41E-03
Bra     40512.0     8.02E-02   8.02E-02   8.02E-02
Brb     26252.0     4.55E-02   4.55E-02   4.55E-02
Brg     21655.0     2.78E-02   2.78E-02   2.78E-02
Brd     19445.6     1.83E-02   1.83E-02   1.83E-02
Bre     18174.1     1.27E-02   1.27E-02   1.27E-02
Br6     17362.1     9.14E-03   9.14E-03   9.14E-03
Br7     16806.5     6.83E-03   6.83E-03   6.83E-03
Br8     16407.2     5.24E-03   5.24E-03   5.24E-03