#-----------------------------------------------------------------------
#Line   	lambda  I/Hb for Z1=1/50 Z2=1/5 Z3-Z5=1/2-2 in solar units
#-----------------------------------------------------------------------

[CII]   	  1335.00   0.000   0.000   0.110
[OIII]   	  1663.00   0.000   0.058   0.010
[CIII]   	  1909.00   0.000   0.000   0.180
[NII]   	  2141.00   0.000   0.000   0.010
[CII]   	  2326.00   0.000   0.000   0.290
[MgII]   	  2798.00   0.000   0.310   0.070
[OII]   	  3727.00   0.489   1.791   3.010
[NeIII]   	  3869.00   0.295   0.416   0.300
[HeI]   	  4026.00   0.015   0.015   0.015
[SII]   	  4068.60   0.005   0.017   0.029
[SII]   	  4076.35   0.002   0.007   0.011
[OIII]   	  4363.00   0.109   0.066   0.010
[HeI]   	  4471.00   0.036   0.036   0.050
[ArIV]+[HeI]  4711.00   0.010   0.014   0.000
[OIII]   	  4958.91   1.097   1.617   1.399
[OIII]   	  5006.84   3.159   4.752   4.081
[NI]   		  5199.00   0.003   0.010   0.030
[NII]   	  5755.00   0.000   0.000   0.010
[HeI]   	  5876.00   0.096   0.108   0.140
[OI]   		  6300.00   0.008   0.041   0.130
[SIII]   	  6312.00   0.009   0.017   0.030
[NII]   	  6548.05   0.005   0.059   0.136
[NII]   	  6583.45   0.015   0.175   0.404
[HeI]   	  6678.00   0.026   0.030   0.030
[SII]   	  6716.00   0.037   0.188   0.300
[SII]   	  6730.00   0.029   0.138   0.210
[HeI]   	  7065.00   0.028   0.023   0.040
[ArIII]   	  7135.79   0.027   0.071   0.035
[OII]   	  7319.99   0.012   0.027   0.026
[OII]   	  7330.73   0.007   0.014   0.014
[ArIII]   	  7751.11   0.067   0.176   0.086
[SIII]   	  9068.60   0.000   0.510   0.945
[SIII]   	  9530.85   0.000   0.000   0.365
[SII]   	 10286.73   0.000   0.000   0.048
[SII]   	 10320.49   0.000   0.000   0.058
[SII]   	 10336.41   0.000   0.000   0.054